Release  Date           Species  Total_accessions  Nucleotides  Transcripts  Proteins

1        Jun 30, 2003   2005     1061675           64729        211803       785143     
2        Oct 21, 2003   2124     1097404           64805        201312       831287     
3        Jan 14, 2004   2218     1101244           58793        198043       844408     
4        Mar 24, 2004   2358     1193457           59395        204589       929473     
5        May 02, 2004   2395     1255613           60991        217164       977458     
6        Jul 05, 2004   2467     1367206           68592        247639       1050975    
7        Sep 12, 2004   2558     1579579           124160       310781       1144638    
8        Oct 31, 2004   2645     1709723           180180       311277       1218266    
9        Jan 09, 2005   2780     1843944           180770       352275       1310899    
10       Mar 06, 2005   2827     1893478           189568       355792       1348118    
11       May 08, 2005   2928     2477893           651418       400504       1425971    
12       Jul 10, 2005   2969     2869675           677974       495772       1695929    
13       Sep 11, 2005   3060     3400773           895281       606038       1899454    
14       Nov 20, 2005   3198     3272776           547997       589641       2135138    
15       Dec 30, 2005   3244     3436263           536571       625928       2273764    
16       Mar 11, 2006   3397     3715260           544797       649978       2520485    
17       Apr 30, 2006   3497     3999859           713768       654553       2631538    
18       Jul 11, 2006   3695     4186692           720990       703538       2762164    
19       Sep 10, 2006   3774     4311543           725746       705937       2879860    
20       Nov 05, 2006   3919     4567569           789413       777451       3000705    
21       Jan 07, 2007   4079     4742335           688455       819522       3234358    
22       Mar 02, 2007   4187     5207865           840657       929109       3438099    
23       May 08, 2007   4300     5503385           846100       1008695      3648590    
24       Jul 10, 2007   4511     6073814           1153404      1054200      3866210    
25       Sep 11, 2007   4646     6515132           1186270      1161638      4167224    
26       Nov 04, 2007   4737     6698250           1266455      1196889      4234906    
27       Jan 06, 2008   4926     7025715           1387692      1211414      4426609    
28       Mar 09, 2008   5059     7914560           1418756      1300688      5195116    
29       May 04, 2008   5168     8376141           1510537      1382728      5482876    
30       Jul 07, 2008   5395     8572852           1585290      1397198      5590364    
31       Aug 30, 2008   5513     9145702           1709801      1576253      5859648    
32       Nov 10, 2008   5726     9501764           1857705      1601309      6042750    
33       Jan 16, 2009   7773     10325282          2226548      1685610      6413124    
34       Mar 06, 2009   8054     10021870          1552002      1778051      6691817    
35       May 04, 2009   8393     10993891          1582534      1815788      7595569    
36       Jul 02, 2009   8665     12141825          2018675      1941240      8181910    
37       Sep 03, 2009   9005     12941750          2075439      2030515      8835796    
38       Nov 07, 2009   9166     13436447          2076580      2034653      9325214    
39       Jan 23, 2010   10171    13656433          1951088      2042668      9662677    
40       Mar 07, 2010   10291    13853798          1953278      2044031      9856489    
41       May 09, 2010   10567    14472060          2057233      2122583      10292244   
42       Jul 13, 2010   10728    15038858          2160929      2237414      10640515   
43       Sep 05, 2010   10854    15934055          2293783      2417194      11223078   
44       Nov 07, 2010   11354    16421261          2307132      2461237      11652892   
45       Jan 07, 2011   11536    16748646          2330038      2484395      11934213   
46       Mar 08, 2011   11734    16998463          2337660      2493411      12167392   
47       May 07, 2011   12000    17631876          2387395      2619015      12625466   
48       Jul 10, 2011   12235    18162534          2411180      2634630      13116724   
49       Sep 07, 2011   16248    18236994          2419419      2679762      13137813   
50       Nov 08, 2011   16392    18815153          2564226      2751095      13499832   
51       Jan 09, 2012   16609    19580946          2582293      2908099      14090554   
52       Mar 05, 2012   16923    20235247          2592702      2908495      14734050   
53       May 07, 2012   17339    21286080          2613063      2928785      15744232   
54       Jul 09, 2012   17605    21889466          2548939      2947185      16393342   
55       Sep 17, 2012   17994    23207572          2700925      3137878      17368769   
56       Nov 08, 2012   18512    23892460          2729041      3185652      17977767   
57       Jan 08, 2013   21415    34169407          3056343      3267605      27845459   
58       Mar 11, 2013   22460    36938203          3102767      3345543      30489893   
59       Apr 29, 2013   24656    39040745          3867875      3579371      31593499   
60       Jul 19, 2013   28560    40913699          4165752      4243209      32504738   
61       Sep 09, 2013   29414    41958567          4291237      4528216      33139114   
62       Nov 10, 2013   31646    45971929          4757077      5178509      36036343   
63       Jan 12, 2014   33485    48358066          5226135      5760653      37371278   
64       Mar 10, 2014   33693    49538213          5521078      6198996      37818139   
65       May 12, 2014   36335    51770174          6084690      7051549      38633935   
66       Jul 07, 2014   41263    58334707          7094778      7568770      43671159   
67       Sep 08, 2014   41913    61277203          7947026      8163775      45166402   
68       Nov 03, 2014   49312    66078114          10039836     9069704      46968574   
69       Jan 03, 2015   51661    74127019          11876983     9973568      52276468   
70       Mar 03, 2015   54118    74720563          13058744     11310700     50351119   
71       Jul 06, 2015   55267    77730891          13433505     11803354     52494032   
72       Aug 27, 2015   54938    79189847          14934886     12321036     51933925   
73       Nov 02, 2015   55966    83881439          16116976     12998293     54766170   
74       Jan 11, 2016   57993    89458499          17242749     13719136     58496614   
75       Mar 07, 2016   58776    92936289          17865626     14035988     61034675   
76       May 09, 2016   59995    97792976          18855384     14965826     63971766   
77       Jun 29, 2016   60892    100678438         19150199     15563994     65964245   
78       Sep 06, 2016   62739    107045797         20446069     16172490     70427238   
79       Oct 31, 2016   64277    111024999         20958920     16967019     73099060   
80       Jan 09, 2017   66224    118059547         22168787     17862608     78028152   
81       Mar 06, 2017   68165    121954847         22545951     18381587     81027309   
82       May 08, 2017   69035    127098389         23439845     18901573     84756971   
83       Jul 17, 2017   71356    132052465         24032271     19634664     88385530   
84       Sep 10, 2017   72965    140627690         24707494     20356598     95563598   
85       Nov 06, 2017   73996    146710309         25760739     20905608     100043962  
86       Jan 08, 2018   75218    149493466         25988844     21370778     102133844  
87       Mar 05, 2018   77225    155118991         26949735     21923574     106245682  
88       May 14, 2018   79448    160224355         27429177     22461378     110333800  
89       Jul 09, 2018   81345    163859625         27400601     23029676     113429348  
90       Sep 10, 2018   84276    173956003         28978398     23838836     121138769  
91       Nov 05, 2018   85308    179672083         29693702     24447570     125530811  
92       Jan 04, 2019   86867    185738687         30283153     25088890     130366644  
93       Mar 13, 2019   88816    192722653         31212349     25840272     135670032  
94       May 06, 2019   91873    200311267         31937331     26534602     141839334  
95       Jul 08, 2019   93618    206416381         32821854     27212750     146381777  
96       Sep 09, 2019   94946    213863503         32935726     28017380     152910397  
97       Nov 04, 2019   97407    219407891         33037650     28730283     157639958  
98       Jan 06, 2020   98406    223560051         33292095     29134515     161133441  
99       Mar 02, 2020   99842    231402293         34254218     29869155     167278920  
