Release  Date           Species  Total_accessions  Nucleotides  Transcripts  Proteins

1        Jun 30, 2003   27       13803             61           0            13742      
2        Oct 21, 2003   34       33681             241          10079        23361      
3        Jan 14, 2004   37       56105             402          21188        34515      
4        Mar 24, 2004   38       60847             410          21188        39249      
5        May 02, 2004   39       84681             964          32828        50889      
6        Jul 05, 2004   42       122140            1489         53609        67042      
7        Sep 12, 2004   48       168909            1540         76956        90413      
8        Oct 31, 2004   48       168911            1540         76956        90415      
9        Jan 09, 2005   48       168911            1540         76956        90415      
10       Mar 06, 2005   54       182204            1558         83550        97096      
11       May 08, 2005   57       182271            1560         83550        97161      
12       Jul 10, 2005   57       233883            1973         111667       120243     
13       Sep 11, 2005   59       266826            2001         128112       136713     
14       Nov 20, 2005   62       234825            1995         112096       120734     
15       Dec 30, 2005   62       235633            1998         112493       121142     
16       Mar 11, 2006   63       257211            2828         123046       131337     
17       Apr 30, 2006   64       257227            2829         123046       131352     
18       Jul 11, 2006   67       239840            3955         114598       121287     
19       Sep 10, 2006   69       239857            3957         114598       121302     
20       Nov 05, 2006   71       283124            4290         136052       142782     
21       Jan 07, 2007   74       327663            7101         156913       163649     
22       Mar 02, 2007   75       357692            7254         171850       178588     
23       May 08, 2007   77       402545            8610         193598       200337     
24       Jul 10, 2007   83       426238            17633        200903       207702     
25       Sep 11, 2007   86       538001            19920        252343       265738     
26       Nov 04, 2007   87       531960            20417        252343       259200     
27       Jan 06, 2008   91       533410            20302        253093       260015     
28       Mar 09, 2008   93       571073            19114        272520       279439     
29       May 04, 2008   99       684986            24674        326682       333630     
30       Jul 07, 2008   100      711298            25394        339478       346426     
31       Aug 30, 2008   101      711317            25395        339478       346444     
32       Nov 10, 2008   103      711211            25397        339405       346409     
33       Jan 16, 2009   105      743351            26630        354857       361864     
34       Mar 06, 2009   106      726048            9298         354857       361893     
35       May 04, 2009   109      726071            9305         354852       361914     
36       Jul 02, 2009   119      891580            64253        410094       417233     
37       Sep 03, 2009   130      961043            65348        444261       451434     
38       Nov 07, 2009   134      1008305           66022        467541       474742     
39       Jan 23, 2010   154      986431            37652        470780       477999     
40       Mar 07, 2010   157      986487            37655        470780       478052     
41       May 09, 2010   242      1004924           37856        479888       487180     
42       Jul 13, 2010   269      1043036           37939        501843       503254     
43       Sep 05, 2010   280      1178671           41375        567919       569377     
44       Nov 07, 2010   286      1178709           41475        567858       569376     
45       Jan 07, 2011   289      1191089           41497        574019       575573     
46       Mar 08, 2011   291      1204249           41512        580584       582153     
47       May 07, 2011   296      1293318           48358        621653       623307     
48       Jul 10, 2011   297      1319764           53144        632483       634137     
49       Sep 07, 2011   301      1319842           53148        632483       634211     
50       Nov 08, 2011   302      1320512           53149        632812       634551     
51       Jan 09, 2012   314      1410080           53222        677512       679346     
52       Mar 05, 2012   320      1410220           53228        677512       679480     
53       May 07, 2012   323      1410296           53244        677512       679540     
54       Jul 09, 2012   328      1407942           53102        676363       678477     
55       Sep 17, 2012   332      1463535           53214        704078       706243     
56       Nov 08, 2012   482      1474914           53376        709680       711858     
57       Jan 08, 2013   483      1475172           53377        709793       712002     
58       Mar 11, 2013   643      1520172           53566        732031       734575     
59       Apr 29, 2013   643      1520172           53566        732031       734575     
60       Jul 19, 2013   785      1520485           53713        732031       734741     
61       Sep 09, 2013   812      1521074           53741        732032       735301     
62       Nov 10, 2013   816      1521160           53745        732032       735383     
63       Jan 12, 2014   816      1542421           53774        742480       746167     
64       Mar 10, 2014   823      1653229           54164        797681       801384     
65       May 12, 2014   2580     2481606           77369        1200267      1203970    
66       Jul 07, 2014   2859     2546454           78456        1232102      1235896    
67       Sep 08, 2014   2864     2647571           79518        1282139      1285914    
68       Nov 03, 2014   2912     2804647           81024        1359897      1363726    
69       Jan 03, 2015   2916     2821547           81084        1368261      1372202    
70       Mar 03, 2015   3160     2947808           83630        1430945      1433233    
71       Jul 06, 2015   3367     2940966           61261        1438749      1440956    
72       Aug 27, 2015   3387     3152092           63920        1543033      1545139    
73       Nov 02, 2015   3563     3263343           64751        1598241      1600351    
74       Jan 11, 2016   3684     3384801           67187        1657752      1659862    
75       Mar 07, 2016   3827     3421979           68984        1675405      1677590    
76       May 09, 2016   4054     3573198           70174        1750387      1752637    
77       Jun 29, 2016   4289     3723642           71222        1825047      1827373    
78       Sep 06, 2016   5114     3724753           72067        1825047      1827639    
79       Oct 31, 2016   5129     4305707           74641        2114457      2116609    
80       Jan 09, 2017   5727     4427004           74758        2175100      2177146    
81       Mar 06, 2017   5731     4517806           75832        2219922      2222052    
82       May 08, 2017   5770     4528923           76130        2225307      2227486    
83       Jul 17, 2017   6506     4530201           77062        2225487      2227652    
84       Sep 10, 2017   6511     4567490           77171        2244026      2246293    
85       Nov 06, 2017   6635     4783110           79439        2351678      2351993    
86       Jan 08, 2018   7201     4781505           80055        2350445      2351005    
87       Mar 05, 2018   7970     4550837           51446        2249373      2250018    
88       May 14, 2018   9217     4832888           52173        2390006      2390709    
89       Jul 09, 2018   10223    5198531           57843        2569766      2570922    
90       Sep 10, 2018   10770    5386185           59800        2662792      2663593    
91       Nov 05, 2018   10923    5479616           61363        2708621      2709632    
92       Jan 04, 2019   11374    5490201           62866        2713049      2714286    
93       Mar 13, 2019   11722    5517558           63751        2726273      2727534    
94       May 06, 2019   12048    5616314           65442        2774550      2776322    
95       Jul 08, 2019   12206    5616450           65664        2774315      2776471    
96       Sep 09, 2019   12341    5676833           66154        2804180      2806499    
97       Nov 04, 2019   12561    5887733           69092        2908021      2910620    
98       Jan 06, 2020   12600    5891871           69131        2909798      2912942    
99       Mar 02, 2020   12847    6085971           72085        3005379      3008507    
