Release  Date           Species  Total_accessions  Nucleotides  Transcripts  Proteins

1        Jun 30, 2003   30       60016             136          28635        31245      
2        Oct 21, 2003   33       88925             204          42924        45797      
3        Jan 14, 2004   34       88972             205          42924        45843      
4        Mar 24, 2004   33       89657             205          43242        46210      
5        May 02, 2004   33       89657             205          43242        46210      
6        Jul 05, 2004   35       89828             207          43242        46379      
7        Sep 12, 2004   38       133618            257          64950        68411      
8        Oct 31, 2004   39       133684            258          64939        68487      
9        Jan 09, 2005   39       135541            259          65789        69493      
10       Mar 06, 2005   40       135630            260          65789        69581      
11       May 08, 2005   40       135630            260          65789        69581      
12       Jul 10, 2005   41       135654            261          65789        69604      
13       Sep 11, 2005   41       135654            261          65789        69604      
14       Nov 20, 2005   46       138793            267          67094        71432      
15       Dec 30, 2005   47       138873            268          67094        71511      
16       Mar 11, 2006   49       137862            270          66512        71080      
17       Apr 30, 2006   53       138221            274          66512        71435      
18       Jul 11, 2006   62       139497            289          66512        72696      
19       Sep 10, 2006   67       140006            298          66512        73196      
20       Nov 05, 2006   80       167964            45800        57257        64907      
21       Jan 07, 2007   83       168304            45804        57257        65243      
22       Mar 02, 2007   87       168679            45808        57257        65614      
23       May 08, 2007   100      187723            45842        66091        75790      
24       Jul 10, 2007   105      188250            45848        66091        76311      
25       Sep 11, 2007   108      188547            45851        66091        76605      
26       Nov 04, 2007   111      200843            57986        66091        76766      
27       Jan 06, 2008   115      252209            77677        81768        92764      
28       Mar 09, 2008   122      325957            79090        117686       129181     
29       May 04, 2008   126      330171            79795        119923       130453     
30       Jul 07, 2008   128      330354            79796        119937       130621     
31       Aug 30, 2008   140      330711            79809        119955       130947     
32       Nov 10, 2008   140      332554            79809        120928       131817     
33       Jan 16, 2009   142      337580            79811        123366       134403     
34       Mar 06, 2009   150      371955            29280        165494       177181     
35       May 04, 2009   154      444983            29307        202331       213345     
36       Jul 02, 2009   155      511514            29319        235386       246809     
37       Sep 03, 2009   161      624258            58423        277041       288794     
38       Nov 07, 2009   164      625421            58426        277498       289497     
39       Jan 23, 2010   167      620542            57061        275681       287800     
40       Mar 07, 2010   171      620793            57065        275681       288047     
41       May 09, 2010   178      627547            57073        278808       291666     
42       Jul 13, 2010   179      696585            57769        312976       325840     
43       Sep 05, 2010   182      817648            59804        372409       385435     
44       Nov 07, 2010   190      836360            59832        381468       395060     
45       Jan 07, 2011   197      836908            59839        381477       395592     
46       Mar 08, 2011   205      837872            59849        381488       396535     
47       May 07, 2011   209      838236            59853        381488       396895     
48       Jul 10, 2011   216      841532            59931        382143       399458     
49       Sep 07, 2011   229      842720            59944        382143       400633     
50       Nov 08, 2011   245      853877            59892        387069       406916     
51       Jan 09, 2012   252      1080256           60353        500692       519211     
52       Mar 05, 2012   267      1081899           60243        500693       520963     
53       May 07, 2012   273      1082621           60251        500703       521667     
54       Jul 09, 2012   272      1083151           60390        501022       521739     
55       Sep 17, 2012   285      1084144           60403        501021       522720     
56       Nov 08, 2012   289      1084508           60408        501026       523074     
57       Jan 08, 2013   304      1085741           60423        501026       524292     
58       Mar 11, 2013   320      1227180           118965       541996       566219     
59       Apr 29, 2013   322      1333643           125257       593467       614919     
60       Jul 19, 2013   349      1483339           133173       664842       685324     
61       Sep 09, 2013   363      1484257           133189       664683       686385     
62       Nov 10, 2013   414      1528635           133687       684302       710646     
63       Jan 12, 2014   475      1966524           158909       894901       912714     
64       Mar 10, 2014   491      2163412           167983       988923       1006506    
65       May 12, 2014   519      2252688           148329       1042248      1062111    
66       Jul 07, 2014   534      2543741           190124       1173979      1179638    
67       Sep 08, 2014   603      2802544           271042       1269772      1261730    
68       Nov 03, 2014   623      3769609           734676       1539015      1495918    
69       Jan 03, 2015   677      4595914           864494       1909803      1821617    
70       Mar 03, 2015   775      4926507           879023       2074238      1973246    
71       Jul 06, 2015   847      5132285           882351       2181963      2067971    
72       Aug 27, 2015   908      5318344           917041       2260084      2141219    
73       Nov 02, 2015   945      5608210           925193       2409405      2273612    
74       Jan 11, 2016   1006     5798021           927786       2506531      2363704    
75       Mar 07, 2016   1077     5854678           927915       2538619      2388144    
76       May 09, 2016   1190     6610042           1112888      2843537      2653617    
77       Jun 29, 2016   1227     6940724           1126940      3016676      2797108    
78       Sep 06, 2016   1351     7241799           1240095      3109722      2891982    
79       Oct 31, 2016   1437     7445084           1250486      3218211      2976387    
80       Jan 09, 2017   1534     8060686           1411386      3455568      3193732    
81       Mar 06, 2017   1622     8555326           1527304      3657758      3370264    
82       May 08, 2017   1663     8906891           1689902      3757224      3459765    
83       Jul 17, 2017   2006     9198679           1700123      3902813      3595743    
84       Sep 10, 2017   2160     10051696          1819986      4306005      3925705    
85       Nov 06, 2017   2337     10247297          1820942      4402003      4024352    
86       Jan 08, 2018   2387     10616870          1874036      4569605      4173229    
87       Mar 05, 2018   2561     11045213          1934292      4767311      4343610    
88       May 14, 2018   2699     11221747          1932005      4873580      4416162    
89       Jul 09, 2018   2797     11353038          1945707      4934927      4472404    
90       Sep 10, 2018   2868     11709743          1947169      5143089      4619485    
91       Nov 05, 2018   2921     11967445          1981614      5276403      4709428    
92       Jan 04, 2019   3188     12319579          1988443      5451587      4879549    
93       Mar 13, 2019   3289     12771857          2004415      5689741      5077701    
94       May 06, 2019   3701     13130775          2223275      5746681      5160819    
95       Jul 08, 2019   3950     13165846          2223965      5756427      5185454    
96       Sep 09, 2019   4157     13461046          2259234      5884996      5316816    
97       Nov 04, 2019   4343     13778148          2263350      6045776      5469022    
98       Jan 06, 2020   4494     13959351          2264697      6137718      5556936    
99       Mar 02, 2020   4555     13964587          2264780      6137689      5562118    
200      May 04, 2020   5025     13991642          2225943      6154582      5611117    
