Release  Date           Species  Total_accessions  Nucleotides  Transcripts  Proteins

1        Jun 30, 2003   74       296894            42107        126980       127807     
2        Oct 21, 2003   82       221669            41443        89666        90560      
3        Jan 14, 2004   98       186544            35144        75152        76248      
4        Mar 24, 2004   104      189645            35261        76633        77751      
5        May 02, 2004   110      191881            36019        77349        78513      
6        Jul 05, 2004   111      197175            36637        79687        80851      
7        Sep 12, 2004   112      213002            51442        80209        81351      
8        Oct 31, 2004   116      267790            107244       79689        80857      
9        Jan 09, 2005   126      346050            107320       118733       119997     
10       Mar 06, 2005   127      346443            107217       118966       120260     
11       May 08, 2005   143      880956            565080       157202       158674     
12       Jul 10, 2005   146      875199            557510       158111       159578     
13       Sep 11, 2005   150      895674            543375       175426       176873     
14       Nov 20, 2005   153      534471            188696       172161       173614     
15       Dec 30, 2005   157      578271            173018       201933       203320     
16       Mar 11, 2006   159      598794            174950       211465       212379     
17       Apr 30, 2006   162      751429            341654       206208       203567     
18       Jul 11, 2006   179      859702            344289       263628       251785     
19       Sep 10, 2006   180      849735            344435       260668       244632     
20       Nov 05, 2006   207      905834            338924       294317       272593     
21       Jan 07, 2007   209      810411            252776       290491       267144     
22       Mar 02, 2007   212      853603            258113       309606       285884     
23       May 08, 2007   215      854434            258300       309923       286211     
24       Jul 10, 2007   220      1077054           426555       338204       312295     
25       Sep 11, 2007   228      1077424           427183       337991       312250     
26       Nov 04, 2007   229      1074002           431934       333854       308214     
27       Jan 06, 2008   233      1074700           432243       334053       308404     
28       Mar 09, 2008   241      1100800           432458       349398       318944     
29       May 04, 2008   247      1088283           434186       340763       313334     
30       Jul 07, 2008   248      1089358           434801       341008       313549     
31       Aug 30, 2008   257      1102130           432743       348439       320948     
32       Nov 10, 2008   263      1102719           433250       348496       320973     
33       Jan 16, 2009   267      1103819           433589       348886       321344     
34       Mar 06, 2009   283      1106582           435761       349061       321760     
35       May 04, 2009   288      1108008           436315       349484       322209     
36       Jul 02, 2009   305      1105327           436586       346976       321765     
37       Sep 03, 2009   307      1106322           437034       347349       321939     
38       Nov 07, 2009   309      1109153           437523       349112       322518     
39       Jan 23, 2010   315      1113848           438104       352054       323690     
40       Mar 07, 2010   318      1115956           438772       352789       324395     
41       May 09, 2010   325      1154532           446681       367024       340827     
42       Jul 13, 2010   325      1368976           551085       425179       392712     
43       Sep 05, 2010   327      1492157           634816       445633       411708     
44       Nov 07, 2010   327      1499307           636276       450689       412342     
45       Jan 07, 2011   340      1500740           636412       451340       412988     
46       Mar 08, 2011   344      1501185           636042       451731       413412     
47       May 07, 2011   350      1581232           654616       483774       442842     
48       Jul 10, 2011   351      1557171           655116       470979       431076     
49       Sep 07, 2011   354      1587895           651280       487414       449201     
50       Nov 08, 2011   358      1762062           765518       517814       478730     
51       Jan 09, 2012   366      1762340           766161       517663       478516     
52       Mar 05, 2012   374      1761604           766092       518024       477488     
53       May 07, 2012   375      1761535           766321       517949       477265     
54       Jul 09, 2012   385      1768495           776828       515900       475767     
55       Sep 17, 2012   395      2164641           906818       655552       602271     
56       Nov 08, 2012   401      2220621           915497       678702       626422     
57       Jan 08, 2013   422      2399746           978570       738585       682591     
58       Mar 11, 2013   427      2403123           978202       740967       683954     
59       Apr 29, 2013   567      2909725           1234244      866378       809103     
60       Jul 19, 2013   580      3865611           1410042      1263067      1192502    
61       Sep 09, 2013   608      4240927           1429890      1457034      1354003    
62       Nov 10, 2013   625      5030646           1740694      1716399      1573553    
63       Jan 12, 2014   636      5822841           2093212      1967309      1762320    
64       Mar 10, 2014   647      6469255           2339324      2174826      1955105    
65       May 12, 2014   672      7452439           2818108      2444332      2189999    
66       Jul 07, 2014   679      8158081           3186549      2623062      2348470    
67       Sep 08, 2014   692      8926745           3588536      2818193      2520016    
68       Nov 03, 2014   713      9066584           3588582      2900036      2577966    
69       Jan 03, 2015   728      9722260           3927305      3073026      2721929    
70       Mar 03, 2015   758      11117381          4341797      3628160      3147424    
71       Jul 06, 2015   776      11496188          4451055      3778288      3266845    
72       Aug 27, 2015   786      11526467          4425737      3810660      3290070    
73       Nov 02, 2015   798      11608980          4427977      3857919      3323084    
74       Jan 11, 2016   851      12064948          4607887      4006359      3450702    
75       Mar 07, 2016   862      12171950          4615363      4053827      3502760    
76       May 09, 2016   872      12396565          4619386      4171055      3606124    
77       Jun 29, 2016   876      12471824          4625096      4203389      3643339    
78       Sep 06, 2016   878      13034395          4818178      4409865      3806352    
79       Oct 31, 2016   882      13091609          4848292      4424176      3819141    
80       Jan 09, 2017   895      13536982          4875794      4652625      4008563    
81       Mar 06, 2017   908      13517017          4656657      4758981      4101379    
82       May 08, 2017   919      13644281          4676196      4817774      4150311    
83       Jul 17, 2017   949      14241440          4751258      5093800      4396382    
84       Sep 10, 2017   994      14286094          4749989      5121121      4414984    
85       Nov 06, 2017   1013     14481863          4763835      5216167      4501861    
86       Jan 08, 2018   1041     14380719          4548360      5277761      4554598    
87       Mar 05, 2018   1052     14695898          4608224      5429739      4657935    
88       May 14, 2018   1069     14756792          4509605      5507797      4739390    
89       Jul 09, 2018   1084     14712455          4161323      5679315      4871817    
90       Sep 10, 2018   1104     15042057          4260666      5802676      4978715    
91       Nov 05, 2018   1114     15263325          4283090      5910641      5069594    
92       Jan 04, 2019   1132     15695751          4238463      6173049      5284239    
93       Mar 13, 2019   1133     15909055          4221973      6301088      5385994    
94       May 06, 2019   1146     15759420          3719794      6496343      5543283    
95       Jul 08, 2019   1162     15919508          3727009      6581255      5611244    
96       Sep 09, 2019   1168     16012856          3775970      6614441      5622445    
97       Nov 04, 2019   1170     16291659          3619634      6863760      5808265    
98       Jan 06, 2020   1174     16154248          3398544      6913718      5841986    
99       Mar 02, 2020   1180     16716281          3322330      7265711      6128240    
